50
10000000000000000
5003948330850931
5003948330850932
12132348695787
-6461414805891
-581141060439
157953395986
290473287205
242129123612
159515611652
64460437845
-6759881432
-49975855013
-67919509326
-58392746166
-37249659275
-7200598050
20033709714
36927964004
42757223365
31850323648
12272077441
-12197120235
-33640624870
-41078043556
-36170669691
-14139967810
14316291635
38866737324
52915332405
42376707016
15396215611
-23512788566
-61169094923
-72227583319
-60350203658
-11389995657
53057403546
103393944906
131508047678
87296062756
-4056216935
-126281471658
-265142256349
-275961809340
-214801337762
71808170295
588218427208
1038057832092
2108593056840
2035684546789
3646735143661
-10022593434171989
10552051847127
-5500480543789
-421001852093
196036167348
287116637562
218447585282
124591817745
28896075266
-36591384400
-65003520306
-65058546746
-39225017961
-7461237101
20504077725
36501899865
34116253422
20796166735
70755058
-18246500551
-26358659147
-24653438880
-11569612147
4728414190
17877402143
24163260630
18403463113
6211112542
-8941143592
-20916954723
-22228215465
-15659589632
-648822238
15251308849
23655916864
24395593602
11496820007
-6571535529
-22646297963
-33423517650
-25158211013
-7635609059
18138067266
45355897928
46807955452
38720796886
-4802289952
-75961319362
-109394077214
-281984463594
-11028887280415
-5500480543789
2869624984373
220401467356
-101675487130
-149521006889
-114007804978
-65227842158
-15325869119
18920090537
33887956680
34044490515
20623672329
4037762758
-10636219552
-19081337419
-17906727310
-10978387658
-119884966
9512346810
13819667338
12974386467
6132772266
-2423930796
-9358983436
-12699642992
-9705810142
-3314532482
4661235936
10982598777
11703512892
8272930601
380028737
-7996494184
-12444743818
-12859878732
-6083964461
3425901345
11906476215
17603642832
13270450669
4054480734
-9528649438
-23879985715
-24666346040
-20425819678
2503550535
39995133629
57631692108
148589530831
5812096532532
-421001852093
220401467356
17987938474
-7520095467
-11396559821
-8837054203
-5180163715
-1338567259
1356925181
2602693094
2693653249
1691881999
401641240
-783995274
-1497520614
-1450054154
-927743626
-60569001
730479710
1109678785
1071809107
533618178
-160693401
-742867767
-1038825089
-814427800
-301900983
357941154
891701136
970165499
702891541
55049260
-642296348
-1025187940
-1075344364
-523153276
263076590
976468826
1462705666
1114921815
357068392
-776801342
-1979155193
-2057722216
-1716926123
192248345
3315577228
4798207334
12391039506
484989158601
196036167348
-101675487130
-7520095467
4301640991
5314959243
3937199163
2150109945
402577231
-748555239
-1195463647
-1135133606
-637690937
-66271104
402736637
646884399
570016822
317406112
-38315337
-335859255
-447873838
-395681778
-164723752
106626059
310495352
395890575
285639222
77911779
-164601110
-347912224
-354298944
-236328803
7933678
259075404
382067594
381646918
168664474
-120983531
-369170600
-530139214
-389525909
-105455039
299295297
723346812
736118826
598880008
-88412680
-1210837836
-1727812350
-4438248213
-173345110364
287116637562
-149521006889
-11396559821
5314959243
8279346630
5817987585
3256472218
687665804
-1043910227
-1761442359
-1723021517
-1009328664
-157237074
571836788
974116769
889104416
523527597
-22438973
-494754949
-691917971
-633045436
-284351114
140121742
473488578
625577941
466866371
146389911
-242462911
-544775740
-569633240
-393309066
-5608323
400508965
609313036
620930028
285891442
-178210032
-585400318
-855145609
-637962220
-185949020
471057064
1162859280
1193854042
981550167
-130232126
-1947213728
-2794662437
-7194472068
-281242654972
218447585282
-114007804978
-8837054203
3937199163
5817987585
4928183808
2480395686
529336088
-797082650
-1355922634
-1336619040
-792966239
-136138551
433645307
754055734
696599629
417811725
-7544885
-379888689
-540551475
-500625811
-230502778
102586793
368224280
492757977
372048426
121771655
-186106948
-427786129
-451494441
-315410236
-9490079
313065189
481629552
494233928
230689953
-136773996
-461824149
-678693675
-508984196
-151949985
370637603
921861789
949335154
783338447
-99947949
-1543874799
-2220242839
-5720068043
-223674193185
124591817745
-65227842158
-5180163715
2150109945
3256472218
2480395686
1950447557
281574510
-482597352
-807629864
-799408037
-481111123
-92576430
250135890
447569003
420294863
258417858
3908097
-222484223
-324519651
-305672063
-145472225
55685407
219515323
299107781
229478635
79400411
-108801401
-258486389
-276377182
-196175185
-10078940
187914397
293678491
304263947
144659213
-79918340
-280813787
-416139097
-314330373
-96865225
224521646
564325485
583599930
483938544
-58390162
-945257085
-1363146689
-3515592060
-137529189677
28896075266
-15325869119
-1338567259
402577231
687665804
529336088
281574510
546800075
-170280074
-250964338
-248429865
-157759566
-44523544
61842581
128707553
129770609
87843306
12179803
-59507082
-97160563
-97917074
-52422162
9186466
63520266
93239212
75975717
31462116
-28745416
-78951280
-88761782
-66731272
-8394006
55793280
92814928
99644724
50523636
-21039664
-87729278
-134168209
-104024371
-35651668
69089170
180772603
189876719
160285982
-15353841
-302920205
-441344899
-1142613634
-44766946420
-36591384400
18920090537
1356925181
-748555239
-1043910227
-797082650
-482597352
-170280074
601052838
118602138
119104544
56210114
-18181082
-73027735
-95356363
-73553804
-31277016
18423465
55423145
63204167
48895359
13644884
-23307227
-46655670
-52639557
-33188192
-3085721
27614048
48340928
44703098
25755881
-6662751
-37797121
-50075490
-46327457
-17003462
20387978
49597721
66880682
46262685
8533751
-41373142
-92671722
-91193562
-71126023
14921167
155124617
216558085
551590174
21470406542
-65003520306
33887956680
2602693094
-1195463647
-1761442359
-1355922634
-807629864
-250964338
118602138
822448815
278438520
145579784
-15532601
-144829407
-208755076
-175779796
-91727194
20526880
112403425
144030718
124061744
48709101
-38111243
-101735809
-127086013
-90013139
-22423107
55079885
112979642
113641936
74571758
-4331832
-84906110
-123551203
-122394650
-53118175
40482453
119960906
171113530
124981292
32759606
-97679264
-234149692
-237502353
-192447657
29583417
392200563
558441090
1433331802
55964366175
-65058546746
34044490515
2693653249
-1135133606
-1723021517
-1336619040
-799408037
-248429865
119104544
278438520
863336202
132828666
-37380242
-172541451
-239277377
-200499316
-106389929
19824397
124170748
162049917
142045556
58516401
-39384285
-113010671
-144102501
-104283887
-28856717
59724718
127142442
130108873
87438550
-2081294
-94635698
-140576997
-141186897
-63109224
43694066
135890397
196134706
144802746
40108133
-110043173
-267689535
-273208688
-223048133
31883208
448430654
641110535
1648077637
64389214086
-39225017961
20623672329
1691881999
-637690937
-1009328664
-792966239
-481111123
-157759566
56210114
145579784
132828666
605182879
-70047234
-152388155
-190121365
-154165295
-82069446
11850612
89125433
118244176
105285551
45444918
-25645656
-80393689
-104739505
-77456429
-23635824
41108711
91259958
95079511
65455507
709943
-67049910
-101834071
-103732210
-47755193
29786526
97849119
142982847
106726341
31189695
-78707129
-194479021
-199760968
-164341828
21669410
325713699
467642463
1204069835
47072020451
-7461237101
4037762758
401641240
-66271104
-157237074
-136138551
-92576430
-44523544
-18181082
-15532601
-37380242
-70047234
510914923
-123816501
-125845065
-95332727
-53792837
-3508408
37131244
55116248
52742903
26863446
-5792591
-33275405
-47574014
-38080812
-15366370
14581635
39157800
43625387
32552881
3965992
-27221351
-45029853
-48173893
-24344897
10171331
42206866
64431923
49887793
17080319
-33061646
-86442523
-90739914
-76566255
7310937
144525935
210535223
544986865
21350725989
20504077725
-10636219552
-783995274
402736637
571836788
433645307
250135890
61842581
-73027735
-144829407
-172541451
-152388155
-123816501
507983801
-58538629
-39450964
-32427327
-27277447
-23614391
-14966474
-4295993
7214109
16201108
18059293
14595928
4902351
-5943147
-13739709
-17102004
-12320948
-3665484
6832334
15418996
16445710
12436932
1692380
-10387334
-17774968
-20876520
-12283335
1006444
15923148
30631169
27900116
19459008
-7653659
-51783395
-68821226
-171910217
-6639027507
36501899865
-19081337419
-1497520614
646884399
974116769
754055734
447569003
128707553
-95356363
-208755076
-239277377
-190121365
-125845065
-58538629
631249187
-16250889
-35771910
-60205396
-79424430
-72261828
-47971347
-6232309
34670517
58053139
61970310
37184023
821991
-35275542
-59436028
-54263411
-30783390
8926066
47190237
62284162
57683575
21229688
-25514775
-62300202
-84339104
-58642679
-11166222
52145166
117529425
116100141
90998200
-18558500
-197377058
-276252503
-704460675
-27434883927
34116253422
-17906727310
-1450054154
570016822
889104416
696599629
420294863
129770609
-73553804
-175779796
-200499316
-154165295
-95332727
-39450964
-16250889
603454910
-58233962
-91336795
-115381986
-103371636
-70168576
-14138839
40297708
72798140
80307052
50605572
5385725
-41214103
-73501874
-69291872
-41629666
7873425
56530408
77349718
73598646
29177824
-28911370
-76109322
-105313191
-74835141
-16715766
62791045
145363059
145300634
115644785
-20846355
-243646319
-343686518
-879020795
-34273332096
20796166735
-10978387658
-927743626
317406112
523527597
417811725
258417858
87843306
-31277016
-91727194
-106389929
-82069446
-53792837
-32427327
-35771910
-58233962
601367390
-124439142
-141586152
-120700823
-82181289
-22432702
33369720
67600178
77288033
51060236
9661321
-34511245
-65978088
-64304313
-40805848
3879020
48577905
69151342
67602388
28706069
-23137296
-66580576
-94237134
-68410906
-17499130
53951069
128508512
129983946
105025220
-16472336
-214726204
-305311731
-783169467
-30571212102
70755058
-119884966
-60569001
-38315337
-22438973
-7544885
3908097
12179803
18423465
20526880
19824397
11850612
-3508408
-27277447
-60205396
-91336795
-124439142
536334256
-140747666
-115037608
-81765813
-34382197
7276965
35528564
47219646
35839180
13961848
-12516835
-32955315
-35983491
-26476127
-3424472
20995723
34604229
36808691
18621351
-7276202
-31101384
-47454261
-36720135
-12772058
23713905
62326470
65436744
55284929
-4958647
-103152082
-150428507
-389407101
-15254502410
-18246500551
9512346810
730479710
-335859255
-494754949
-379888689
-222484223
-59507082
55423145
112403425
124170748
89125433
37131244
-23614391
-79424430
-115381986
-141586152
-140747666
618127941
-111359073
-89424886
-58598727
-33816852
-10105843
6763907
16160039
19726793
15460934
8493830
-671949
-8535437
-12059971
-12388673
-7319705
-691931
6054602
11363432
11251421
8647781
1501613
-6627422
-11975701
-16376280
-11570473
-4351294
8304070
29087471
33590877
78831410
2965138210
-26358659147
13819667338
1109678785
-447873838
-691917971
-540551475
-324519651
-97160563
63204167
144030718
162049917
118244176
55116248
-14966474
-72261828
-103371636
-120700823
-115037608
-111359073
629685894
-96833062
-87401589
-81453897
-61717106
-38889261
-7678319
21541446
39953386
47037911
33399894
10438861
-17411185
-40684970
-44517992
-35173735
-6973190
25671553
47182755
57637079
35887727
614667
-41299443
-83459371
-78247782
-57106315
18151718
140920786
190893909
480655271
18624123194
-24653438880
12974386467
1071809107
-395681778
-633045436
-500625811
-305672063
-97917074
48895359
124061744
142045556
105285551
52742903
-4295993
-47971347
-70168576
-82181289
-81765813
-89424886
-96833062
707186527
-126558692
-135392311
-115418793
-85150602
-33680531
17245375
55001930
74311618
59182741
26862797
-17754501
-57172438
-68472966
-58898440
-17698156
32115227
68246905
88120110
58505046
7389010
-57302235
-123154682
-118965236
-90653251
22207099
205983383
284450680
721509302
28038062815
-11569612147
6132772266
533618178
-164723752
-284351114
-230502778
-145472225
-52422162
13644884
48709101
58516401
45444918
26863446
7214109
-6232309
-14138839
-22432702
-34382197
-58598727
-87401589
-126558692
648950589
-167990433
-149067965
-117776342
-59098248
-1306953
45568997
72471669
63587251
35644926
-8190789
-48523311
-63929656
-59172946
-22629052
23371136
59540102
81171120
56970301
12319763
-47661116
-109286528
-108589296
-85959548
15688471
180813021
254407524
649767280
25317977717
4728414190
-2423930796
-160693401
106626059
140121742
102586793
55685407
9186466
-23307227
-38111243
-39384285
-25645656
-5792591
16201108
34670517
40297708
33369720
7276965
-33816852
-81453897
-135392311
-167990433
719168040
-177269498
-150412820
-92627725
-36879657
14779644
48418241
53070255
39913577
8882141
-22461370
-40295319
-44100640
-23931318
4683566
31674841
50340434
40113009
16061618
-21934955
-61891545
-66288854
-57374440
2674266
99720198
147757280
384326345
15080301526
17877402143
-9358983436
-742867767
310495352
473488578
368224280
219515323
63520266
-46655670
-101735809
-113010671
-80393689
-33275405
18059293
58053139
72798140
67600178
35528564
-10105843
-61717106
-115418793
-149067965
-177269498
715066572
-160499388
-121184546
-84369946
-39119225
-4187609
19859839
31968254
28244485
18518150
2971602
-10674816
-17568093
-19571993
-12393734
-3211683
6790013
15168549
15615711
14191797
5121173
-5038227
-13359634
-27538319
-24964415
-50814108
-1783220129
24163260630
-12699642992
-1038825089
395890575
625577941
492757977
299107781
93239212
-52639557
-127086013
-144102501
-104739505
-47574014
14595928
61970310
80307052
77288033
47219646
6763907
-38889261
-85150602
-117776342
-150412820
-160499388
851486936
-159411670
-147596804
-110516451
-74516932
-26914112
14895714
44278634
60793171
50425945
28357828
-6657980
-40966225
-56158304
-58683957
-29524336
10750314
50789894
89176924
77155892
49643151
-26639608
-150835202
-194962287
-481532163
-18511625123
18403463113
-9705810142
-814427800
285639222
466866371
372048426
229478635
75975717
-33188192
-90013139
-104283887
-77456429
-38080812
4902351
37184023
50605572
51060236
35839180
16160039
-7678319
-33680531
-59098248
-92627725
-121184546
-159411670
821183124
-194137010
-172299878
-142747862
-80138526
-17350763
40557079
81121044
81828503
60445067
9868838
-44479321
-77499861
-91811595
-55570733
190410
64163674
127242416
117859569
84965026
-27722490
-210080881
-283089338
-710821951
-27507324672
6211112542
-3314532482
-301900983
77911779
146389911
121771655
79400411
31462116
-3085721
-22423107
-28856717
-23635824
-15366370
-5943147
821991
5385725
9661321
13961848
19726793
21541446
17245375
-1306953
-36879657
-84369946
-147596804
-194137010
929207747
-234088561
-214599124
-142835788
-67095507
14639254
76264997
93796392
82329759
30041976
-30562063
-75275633
-100179121
-68910997
-14542381
56198934
127259418
125222691
98321164
-17931088
-204860762
-287165976
-731702238
-28477557513
-8941143592
4661235936
357941154
-164601110
-242462911
-186106948
-108801401
-28745416
27614048
55079885
59724718
41108711
14581635
-13739709
-35275542
-41214103
-34511245
-12516835
15460934
39953386
55001930
45568997
14779644
-39119225
-110516451
-172299878
-234088561
895107480
-245285943
-186830527
-123776668
-40919904
25215327
62260293
72894309
44986762
5568304
-34188632
-62270473
-53744760
-28061802
17663892
65376400
74637054
69064954
4069157
-99109078
-154578817
-408351796
-16110987119
-20916954723
10982598777
891701136
-347912224
-544775740
-427786129
-258486389
-78951280
48340928
112979642
127142442
91259958
39157800
-17102004
-59436028
-73501874
-65978088
-32955315
8493830
47037911
74311618
72471669
48418241
-4187609
-74516932
-142747862
-214599124
-245285943
1089051188
-236059022
-199830426
-125766509
-62430285
-1031555
40539683
53738473
51911301
27513403
1368855
-21513558
-38011699
-34067821
-26070417
-4821653
17071344
29584522
51646415
41328666
76335346
2532669231
-22228215465
11703512892
970165499
-354298944
-569633240
-451494441
-276377182
-88761782
44703098
113641936
130108873
95079511
43625387
-12320948
-54263411
-69291872
-64304313
-35983491
-671949
33399894
59182741
63587251
53070255
19859839
-26914112
-80138526
-142835788
-186830527
-236059022
1086028084
-251569098
-208842706
-167628030
-92260695
-24459874
37718575
83847322
88992189
76519119
26673293
-31244557
-76976858
-117406721
-92055213
-49261122
44063616
194849107
239067662
576921643
21961876357
-15659589632
8272930601
702891541
-236328803
-393309066
-315410236
-196175185
-66731272
25755881
74571758
87438550
65455507
32552881
-3665484
-30783390
-41629666
-40805848
-26476127
-8535437
10438861
26862797
35644926
39913577
31968254
14895714
-17350763
-67095507
-123776668
-199830426
-251569098
1301579307
-305259289
-292992817
-206868437
-117002716
-3754313
91996898
135000307
144735302
78876157
-9332232
-99813252
-184475181
-163692026
-111797447
44012716
292336410
385364267
957883733
36905491811
-648822238
380028737
55049260
7933678
-5608323
-9490079
-10078940
-8394006
-6662751
-4331832
-2081294
709943
3965992
6832334
8926066
7873425
3879020
-3424472
-12059971
-17411185
-17754501
-8190789
8882141
28244485
44278634
40557079
14639254
-40919904
-125766509
-208842706
-305259289
1242173230
-362902861
-291607514
-209978893
-76853077
40532691
117440967
155461819
107279574
29661334
-69847387
-165706092
-164442219
-131668277
16562785
249426417
353896273
903871409
35193790195
15251308849
-7996494184
-642296348
259075404
400508965
313065189
187914397
55793280
-37797121
-84906110
-94635698
-67049910
-27221351
15418996
47190237
56530408
48577905
20995723
-12388673
-40684970
-57172438
-48523311
-22461370
18518150
60793171
81121044
76264997
25215327
-62430285
-167628030
-292992817
-362902861
1536085176
-381974654
-326876102
-189898742
-67628383
45093200
118214062
114814531
78683379
-2639142
-84855009
-112976758
-118267236
-27512069
110804031
199162149
546424266
21837742541
23655916864
-12444743818
-1025187940
382067594
609313036
481629552
293678491
92814928
-50075490
-123551203
-140576997
-101834071
-45029853
16445710
62284162
77349718
69151342
34604229
-7319705
-44517992
-68472966
-63929656
-40295319
2971602
50425945
81828503
93796392
62260293
-1031555
-92260695
-206868437
-291607514
-381974654
1543355946
-387965277
-296686432
-217143378
-96058171
-2269032
64267631
105021280
88890497
64691140
10676940
-41906581
-69794261
-119024933
-93597890
-170698821
-5624021351
24395593602
-12859878732
-1075344364
381646918
620930028
494233928
304263947
99644724
-46327457
-122394650
-141186897
-103732210
-48173893
12436932
57683575
73598646
67602388
36808691
-691931
-35173735
-58898440
-59172946
-44100640
-10674816
28357828
60445067
82329759
72894309
40539683
-24459874
-117002716
-209978893
-326876102
-387965277
1998497140
-437599677
-421430710
-297249281
-186875223
-32405908
103350254
179249027
236278609
164532616
68326952
-98589113
-361930991
-420678395
-988522268
-37190631282
11496820007
-6083964461
-523153276
168664474
285891442
230689953
144659213
50523636
-17003462
-53118175
-63109224
-47755193
-24344897
1692380
21229688
29177824
28706069
18621351
6054602
-6973190
-17698156
-22629052
-23931318
-17568093
-6657980
9868838
30041976
44986762
53738473
37718575
-3754313
-76853077
-189898742
-296686432
-437599677
1936179191
-555316354
-466806213
-378955088
-172427379
23009826
187042011
322194539
271708248
177560349
-71244384
-452004209
-585567256
-1440703542
-55238028760
-6571535529
3425901345
263076590
-120983531
-178210032
-136773996
-79918340
-21039664
20387978
40482453
43694066
29786526
10171331
-10387334
-25514775
-28911370
-23137296
-7276202
11363432
25671553
32115227
23371136
4683566
-19571993
-40966225
-44479321
-30562063
5568304
51911301
83847322
91996898
40532691
-67628383
-217143378
-421430710
-555316354
2504530404
-667650062
-622511156
-376499753
-143644221
112626631
324411500
331315925
279547768
2990737
-405050213
-600912040
-1550689885
-60546264720
-22646297963
11906476215
976468826
-369170600
-585400318
-461824149
-280813787
-87729278
49597721
119960906
135890397
97849119
42206866
-17774968
-62300202
-76109322
-66580576
-31101384
11251421
47182755
68246905
59540102
31674841
-12393734
-56158304
-77499861
-75275633
-34188632
27513403
88992189
135000307
117440967
45093200
-96058171
-297249281
-466806213
-667650062
2479512587
-727493306
-536844315
-371277835
-103948639
108684894
212530335
263451112
116882301
-81263619
-253789605
-765481552
-31480997464
-33423517650
17603642832
1462705666
-530139214
-855145609
-678693675
-416139097
-134168209
66880682
171113530
196134706
142982847
64431923
-20876520
-84339104
-105313191
-94237134
-47454261
8647781
57637079
88120110
81171120
50340434
-3211683
-58683957
-91811595
-100179121
-62270473
1368855
76519119
144735302
155461819
118214062
-2269032
-186875223
-378955088
-622511156
-727493306
3540050332
-773329970
-729628439
-468602426
-284541615
-35687166
164506004
250122638
402318409
302552188
533771946
17260752974
-25158211013
13270450669
1114921815
-389525909
-637962220
-508984196
-314330373
-104024371
46262685
124981292
144802746
106726341
49887793
-12283335
-58642679
-74835141
-68410906
-36720135
1501613
35887727
58505046
56970301
40113009
6790013
-29524336
-55570733
-68910997
-53744760
-21513558
26673293
78876157
107279574
114814531
64267631
-32405908
-172427379
-376499753
-536844315
-773329970
3534276349
-973239779
-822561602
-762487091
-413958124
-107641083
268131430
813069891
875053499
1972166557
72792915508
-7635609059
4054480734
357068392
-105455039
-185949020
-151949985
-96865225
-35651668
8533751
32759606
40108133
31189695
17080319
1006444
-11166222
-16715766
-17499130
-12772058
-6627422
614667
7389010
12319763
16061618
15168549
10750314
190410
-14542381
-28061802
-38011699
-31244557
-9332232
29661334
78683379
105021280
103350254
23009826
-143644221
-371277835
-729628439
-973239779
5137141488
-1340709662
-1453530738
-979682678
-578415386
163083923
1131786091
1432059039
3457085644
131273106491
18138067266
-9528649438
-776801342
299295297
471057064
370637603
224521646
69089170
-41373142
-97679264
-110043173
-78707129
-33061646
15923148
52145166
62791045
53951069
23713905
-11975701
-41299443
-57302235
-47661116
-21934955
15615711
50789894
64163674
56198934
17663892
-34067821
-76976858
-99813252
-69847387
-2639142
88890497
179249027
187042011
112626631
-103948639
-468602426
-822561602
-1340709662
4960965858
-1769473713
-1353775619
-1072676845
-222823009
716149552
1217183098
3206296529
125611281520
45355897928
-23879985715
-1979155193
723346812
1162859280
921861789
564325485
180772603
-92671722
-234149692
-267689535
-194479021
-86442523
30631169
117529425
145363059
128508512
62326470
-16376280
-83459371
-123154682
-109286528
-61891545
14191797
89176924
127242416
127259418
65376400
-26070417
-117406721
-184475181
-165706092
-84855009
64691140
236278609
322194539
324411500
108684894
-284541615
-762487091
-1453530738
-1769473713
8289601954
-2000121738
-1982508742
-1031122218
-353942041
467715899
1901993873
83213410082
46807955452
-24666346040
-2057722216
736118826
1193854042
949335154
583599930
189876719
-91193562
-237502353
-273208688
-199760968
-90739914
27900116
116100141
145300634
129983946
65436744
-11570473
-78247782
-118965236
-108589296
-66288854
5121173
77155892
117859569
125222691
74637054
-4821653
-92055213
-163692026
-164442219
-112976758
10676940
164532616
271708248
331315925
212530335
-35687166
-413958124
-979682678
-1353775619
-2000121738
8548722955
-2448565805
-1899523327
-2161295104
-1275215404
-1866240585
-53816841476
38720796886
-20425819678
-1716926123
598880008
981550167
783338447
483938544
160285982
-71126023
-192447657
-223048133
-164341828
-76566255
19459008
90998200
115644785
105025220
55284929
-4351294
-57106315
-90653251
-85959548
-57374440
-5038227
49643151
84965026
98321164
69064954
17071344
-49261122
-111797447
-131668277
-118267236
-41906581
68326952
177560349
279547768
263451112
164506004
-107641083
-578415386
-1072676845
-1982508742
-2448565805
16818471415
-3797432002
-5722917928
-4543535958
-8756615999
-301681375861
-4802289952
2503550535
192248345
-88412680
-130232126
-99947949
-58390162
-15353841
14921167
29583417
31883208
21669410
7310937
-7653659
-18558500
-20846355
-16472336
-4958647
8304070
18151718
22207099
15688471
2674266
-13359634
-26639608
-27722490
-17931088
4069157
29584522
44063616
44012716
16562785
-27512069
-69794261
-98589113
-71244384
2990737
116882301
250122638
268131430
163083923
-222823009
-1031122218
-1899523327
-3797432002
15953909422
-7838880050
-6839767763
-14013023479
-497532041261
-75961319362
39995133629
3315577228
-1210837836
-1947213728
-1543874799
-945257085
-302920205
155124617
392200563
448430654
325713699
144525935
-51783395
-197377058
-243646319
-214726204
-103152082
29087471
140920786
205983383
180813021
99720198
-27538319
-150835202
-210080881
-204860762
-99109078
51646415
194849107
292336410
249426417
110804031
-119024933
-361930991
-452004209
-405050213
-81263619
402318409
813069891
1131786091
716149552
-353942041
-2161295104
-5722917928
-7838880050
42348823683
-13280124463
-27933233651
-1003916770120
-109394077214
57631692108
4798207334
-1727812350
-2794662437
-2220242839
-1363146689
-441344899
216558085
558441090
641110535
467642463
210535223
-68821226
-276252503
-343686518
-305311731
-150428507
33590877
190893909
284450680
254407524
147757280
-24964415
-194962287
-283089338
-287165976
-154578817
41328666
239067662
385364267
353896273
199162149
-93597890
-420678395
-585567256
-600912040
-253789605
302552188
875053499
1432059039
1217183098
467715899
-1275215404
-4543535958
-6839767763
-13280124463
44290412226
-26509391901
-958648227072
-281984463594
148589530831
12391039506
-4438248213
-7194472068
-5720068043
-3515592060
-1142613634
551590174
1433331802
1648077637
1204069835
544986865
-171910217
-704460675
-879020795
-783169467
-389407101
78831410
480655271
721509302
649767280
384326345
-50814108
-481532163
-710821951
-731702238
-408351796
76335346
576921643
957883733
903871409
546424266
-170698821
-988522268
-1440703542
-1550689885
-765481552
533771946
1972166557
3457085644
3206296529
1901993873
-1866240585
-8756615999
-14013023479
-27933233651
-26509391901
453205528563
-2066082317818
-11028887280415
5812096532532
484989158601
-173345110364
-281242654972
-223674193185
-137529189677
-44766946420
21470406542
55964366175
64389214086
47072020451
21350725989
-6639027507
-27434883927
-34273332096
-30571212102
-15254502410
2965138210
18624123194
28038062815
25317977717
15080301526
-1783220129
-18511625123
-27507324672
-28477557513
-16110987119
2532669231
21961876357
36905491811
35193790195
21837742541
-5624021351
-37190631282
-55238028760
-60546264720
-31480997464
17260752974
72792915508
131273106491
125611281520
83213410082
-53816841476
-301681375861
-497532041261
-1003916770120
-958648227072
-2066082317818
5021318542586239
