50
10000000000000000
5045156715545861
5045156715545862
10185851463624
-5853997858221
-792197401238
-82602671705
105709765319
146936492683
142264705328
106805169784
71298373209
32517410153
1735617102
-21063860156
-36177156565
-39929479896
-38273451642
-27323031293
-13780755781
2750083586
18360775321
28812411546
34863976171
30655495084
20930708673
3882077510
-15518443230
-31383344645
-43515350202
-41346605448
-31332534917
-7721677577
21132574499
47256939322
69492828048
68148063705
53470147586
12154797641
-44268401847
-96540467311
-153741454310
-153040087498
-133955768705
-26623030802
144161060581
338876076758
697746884638
841522464261
1386461104810
1179649342050
1604587260310
-10100027132328060
10552051847127
-5968985700372
-748159536074
-27370570100
155605714210
181007571173
159596380093
106145602276
55499259028
7720409104
-26615776337
-44046843799
-49153006445
-38797276428
-23078762602
-3046145642
14567191047
25253225188
29673230179
24029481696
14029517444
121798928
-12929244017
-20837938811
-24147229881
-18821599830
-9742325476
2764776556
14723287191
21256364850
23682638833
17010311549
6732172677
-6758833390
-19916258711
-25700889975
-27551152329
-17440953650
-3232364384
14451840828
33421051694
38799639216
42055450714
21917756406
-5934390067
-40155463931
-103363996333
-108561706734
-244359429688
-9036334854840
-5968985700372
3378372664304
423912022087
15956126082
-87747746443
-102317291159
-90357259208
-60207632070
-31587446552
-4520005880
14971547559
24917988979
27880042555
22060343768
13175589408
1807216177
-8209778595
-14315047261
-16864608475
-13689610549
-8026227929
-119136727
7314272114
11837409090
13746227668
10736843094
5582893241
-1538477113
-8356388625
-12095437824
-13496833020
-9711312347
-3865802127
3823575627
11328830817
14641055388
15711549964
9960445303
1869332321
-8215669467
-19036503044
-22117082135
-23987473569
-12514498517
3357175324
22875604844
58918482471
61895849122
139336653036
5152892157755
-748159536074
423912022087
54133098859
2260287294
-10857260973
-12800878426
-11390196708
-7658038291
-4083597348
-661543591
1827086693
3128665896
3545960092
2839214302
1728314802
278917942
-1011499980
-1815230731
-2165773011
-1778154821
-1063228897
-46112509
918328259
1516656811
1779083771
1403363414
745314611
-177275234
-1066041037
-1562286506
-1756117220
-1274084908
-520925738
480057420
1460773136
1901313210
2050471660
1308790963
259981421
-1056345777
-2470573450
-2880827507
-3133367542
-1642778815
421499052
2970794553
7672850706
8069596125
18176005933
672341926673
-27370570100
15956126082
2260287294
803706474
-307783092
-475436082
-496014131
-393407258
-267894271
-110951490
24590037
123304931
180450590
174060726
134453315
57646960
-22453055
-87380485
-128424411
-123057616
-91503017
-29734173
36043737
86796137
117489435
104633967
68991693
7274376
-56939782
-100409554
-124026216
-99066350
-52286608
18829033
91697961
131079594
150141051
103481858
32836764
-63682862
-168978244
-206091848
-231850854
-128500848
16529125
204897798
547605597
583695444
1323476225
49097651969
155605714210
-87747746443
-10857260973
-307783092
2871409785
2623137161
2257623691
1452342638
709300138
37922916
-427132764
-639463442
-679225008
-510987820
-279427412
-5123924
226198020
353672280
395232499
305043483
162608764
-21425522
-188006330
-280397982
-311636995
-232652104
-108769462
51986927
201622838
276793392
298853269
206825603
71591370
-98306043
-261259248
-327146574
-343156988
-210619650
-28322832
191836097
426619937
487506866
521785327
265926402
-86320554
-511146507
-1299928876
-1358598093
-3050489360
-112684102301
181007571173
-102317291159
-12800878426
-475436082
2623137161
3547838865
2637803364
1721061803
862932073
72604277
-484424339
-750595789
-812945582
-624250211
-354506250
-24905762
258349760
421574763
481645014
380002162
211523895
-13454665
-220563086
-340417325
-385679213
-293850377
-144400961
54962785
242928685
341298511
373990580
263482495
97528195
-115318502
-321120524
-407833606
-432256496
-269304039
-42881694
234527135
531209479
611615503
658604267
339307639
-101256160
-637354280
-1630264345
-1707865764
-3839271202
-141895420111
159596380093
-90357259208
-11390196708
-496014131
2257623691
2637803364
2867931391
1513654998
761316234
63113712
-433041387
-673187529
-732727772
-566556381
-326127968
-28884366
228524336
379456261
437453041
348254676
197198964
-7397978
-197110066
-308815294
-352761858
-271079233
-135895575
46626599
219668551
311766041
343810168
244048073
92769439
-103007044
-292965897
-374375347
-398567390
-249886597
-42365338
213470762
487423483
563033820
607870177
314607144
-90434515
-585201753
-1500599797
-1573627416
-3539316072
-130838755085
106145602276
-60207632070
-7658038291
-393407258
1452342638
1721061803
1513654998
1518335245
492190645
26957019
-306597013
-468268776
-509049373
-395174917
-230050133
-24174833
155263444
262183453
304916526
244915110
141058580
-1658707
-134960535
-214828470
-247505659
-191880895
-98151558
30016927
152226086
218396200
242458301
173455416
67726505
-70406810
-204923417
-263585065
-281935542
-177928311
-32067171
148934719
343006151
397580897
430417329
223833551
-61785792
-412088721
-1059486704
-1112238164
-2502932954
-92548361597
55499259028
-31587446552
-4083597348
-267894271
709300138
862932073
761316234
492190645
799979729
-16311158
-195864587
-281330737
-302324357
-235641434
-140192642
-19833754
86058760
151098834
178980562
146358858
87167222
3397530
-75929856
-125072848
-146624286
-115668960
-61492154
14506513
87764557
128744064
144835489
105200532
43179253
-39382538
-120335065
-156813848
-169272335
-108188056
-21719554
86960107
203765756
237785922
258793378
135828557
-34510012
-245072511
-633357830
-666278856
-1500927998
-55523506825
7720409104
-4520005880
-661543591
-110951490
37922916
72604277
63113712
26957019
-16311158
485808464
-90941787
-103803764
-105503357
-83547529
-54852827
-16924234
17534903
41657197
54745363
48792166
33410434
7884633
-17819818
-36090849
-46116574
-39299022
-24245108
-298677
23886447
39275888
46942139
36350686
17885497
-8893737
-35905358
-49721245
-55852885
-37609185
-10650535
25181043
64059486
77016045
85736661
46742122
-7718292
-77352821
-204534425
-217106263
-491250907
-18207769987
-26615776337
14971547559
1827086693
24590037
-427132764
-484424339
-433041387
-306597013
-195864587
-90941787
568582578
16836867
28737858
19049110
-54573
-20625868
-37016612
-41197509
-37661438
-22893101
-5241708
12529886
26542384
30842755
29013609
17480946
3092234
-11898757
-24370849
-27960621
-26429401
-15103533
-804362
14261054
27696592
30790503
29308837
15291055
-2527587
-21430886
-41109682
-43915148
-44362481
-20156636
12601535
48954024
118218340
120892442
268452041
9868331451
-44046843799
24917988979
3128665896
123304931
-639463442
-750595789
-673187529
-468268776
-281330737
-103803764
16836867
645437839
98690296
70505374
23947915
-29368480
-74474527
-93888736
-95004405
-66907181
-28797888
15552864
53969825
72211360
75575396
52866846
20415031
-18681351
-53972061
-69580658
-72146280
-47440692
-12934282
28213022
66974583
80888511
82605256
48676452
3060624
-50107008
-106510923
-119454157
-125923528
-62367525
24771594
127566699
319804991
332306816
743986049
27448159555
-49153006445
27880042555
3545960092
180450590
-679225008
-812945582
-732727772
-509049373
-302324357
-105503357
28737858
98690296
733165496
78160221
19563999
-46153147
-102269990
-125662060
-126585973
-89873628
-40391462
17833952
68718134
93884744
99745901
71188336
29439414
-22041776
-69064914
-90915282
-95692284
-64224759
-19437546
35105809
86923954
106538766
110062388
66040338
6252969
-64548385
-139884120
-158203986
-167942376
-84285040
30668768
167672228
423099646
440828023
988297191
36483465212
-38797276428
22060343768
2839214302
174060726
-510987820
-624250211
-566556381
-395174917
-235641434
-83547529
19049110
70505374
78160221
636554690
-8166539
-63405666
-110765595
-127141961
-124469300
-87389469
-39654824
15779577
63975841
88065353
94102841
67798807
29064891
-19206543
-63504614
-84614568
-89816135
-60993558
-19550941
31532740
80273672
99279723
103275344
62645909
7146695
-59210558
-129921926
-147702146
-157466609
-79672504
27344695
155701032
394518575
411738027
923851652
34116844535
-23078762602
13175589408
1728314802
134453315
-279427412
-354506250
-326127968
-230050133
-140192642
-54852827
-54573
23947915
19563999
-8166539
605147471
-85185593
-116882520
-121902098
-114140211
-78999942
-37292580
10009428
50533993
71277331
77190159
56642372
25912267
-13135439
-49192081
-67113052
-72316231
-50098671
-17584920
23317538
62580085
78621951
82730498
51080299
7448291
-45543077
-102110988
-117086146
-125693037
-64434946
19956425
122221862
311816887
326309436
733143605
27089768936
-3046145642
1807216177
278917942
57646960
-5123924
-24905762
-28884366
-24174833
-19833754
-16924234
-20625868
-29368480
-46153147
-63405666
-85185593
531165390
-107690078
-100272463
-88975686
-61769164
-33584352
-2329722
23699999
38487122
44360966
34776072
19046279
-2604484
-23060341
-34619410
-39343377
-29026038
-12813704
9080762
30499487
40503545
44248705
28828016
6872092
-21193299
-51305762
-60519775
-66406480
-35420296
7466043
61168949
159602486
168475064
380122734
14070996533
14567191047
-8209778595
-1011499980
-22453055
226198020
258349760
228524336
155263444
86058760
17534903
-37016612
-74474527
-102269990
-110765595
-116882520
-107690078
597068135
-84223894
-71627338
-52821087
-38124278
-21373517
-8277781
2728231
10363309
13288287
13626727
9770806
4979849
-724168
-5573750
-7918204
-8685417
-6204492
-2886932
1282451
4981713
6399502
6771645
4131365
963380
-2597160
-5926858
-6027107
-5706976
-1554975
3714386
7042299
19290066
767940330
25253225188
-14315047261
-1815230731
-87380485
353672280
421574763
379456261
262183453
151098834
41657197
-41197509
-93888736
-125662060
-127141961
-121902098
-100272463
-84223894
607896737
-56153258
-48262761
-47760694
-44374202
-42696657
-33816335
-23433373
-7828086
8034564
21048505
30921833
30719493
25862157
11952768
-4281113
-19601046
-32876708
-34242799
-30836599
-14351840
6048767
26440367
47672627
49471789
48719665
20834347
-16880568
-57351472
-135687959
-137612893
-304358154
-11169179697
29673230179
-16864608475
-2165773011
-128424411
395232499
481645014
437453041
304916526
178980562
54745363
-37661438
-95004405
-126585973
-124469300
-114140211
-88975686
-71627338
-56153258
699644777
-57035925
-68629849
-74158436
-79751277
-69523012
-54554560
-26536353
3165783
30469717
52354348
56446047
51426338
28125004
-443827
-29881288
-56215611
-61968645
-58861371
-30720895
5118603
43332627
83389504
89421573
90770022
41667148
-25028936
-99667443
-241805327
-247869373
-551179235
-20274667493
24029481696
-13689610549
-1778154821
-123057616
305043483
380002162
348254676
244915110
146358858
48792166
-22893101
-66907181
-89873628
-87389469
-78999942
-61769164
-52821087
-48262761
-57035925
660038331
-88641015
-98267583
-106761294
-94067038
-75774870
-40479207
-3664665
31173077
59185221
66349045
62458795
36358184
3769924
-31080617
-62535606
-70875125
-68944356
-37714111
2535417
46734728
93117870
101443499
104413824
49443939
-25286536
-110590587
-271695318
-279928617
-624025717
-22978968298
14029517444
-8026227929
-1063228897
-91503017
162608764
211523895
197198964
141058580
87167222
33410434
-5241708
-28797888
-40391462
-39654824
-37292580
-33584352
-38124278
-47760694
-68629849
-88641015
709428147
-125571803
-134629771
-118209957
-96910776
-56120067
-15092710
24752272
56592001
67118844
65800623
41004283
9289396
-26224348
-58541177
-68853557
-68965910
-39785273
-1608790
41872949
87518217
97283590
101845276
50010264
-20503048
-102996589
-257156920
-266636706
-596221729
-21983881653
121798928
-119136727
-46112509
-29734173
-21425522
-13454665
-7397978
-1658707
3397530
7884633
12529886
15552864
17833952
15779577
10009428
-2329722
-21373517
-44374202
-74158436
-98267583
-125571803
664065343
-142320929
-125140658
-105687466
-67775208
-31599794
5519086
34968786
48513568
52047883
36555033
15171768
-11466588
-36177583
-46686459
-49863586
-31790131
-7145816
23362982
55449987
64638305
70242706
37080809
-8162181
-64114604
-166330166
-174994132
-394035386
-14571864391
-12929244017
7314272114
918328259
36043737
-188006330
-220563086
-197110066
-134960535
-75929856
-17819818
26542384
53969825
68718134
63975841
50533993
23699999
-8277781
-42696657
-79751277
-106761294
-134629771
-142320929
762439277
-134223857
-119437524
-86870051
-58243378
-24670975
1871573
20529834
31439665
29434036
22557507
8281479
-5994604
-16675844
-23852700
-20576463
-13827921
-573522
13580965
21833852
28609440
19752001
7271304
-14032816
-48803131
-56213890
-131785674
-4955185815
-20837938811
11837409090
1516656811
86796137
-280397982
-340417325
-308815294
-214828470
-125072848
-36090849
30842755
72211360
93884744
88065353
71277331
38487122
2728231
-33816335
-69523012
-94067038
-118209957
-125140658
-134223857
761102647
-120762212
-100905597
-86444528
-61708404
-42084594
-18991359
-238489
14769191
26285905
28934991
29069895
20091202
9749294
-3989551
-18097349
-26174338
-34106340
-28441566
-21726532
-2833487
22009875
41781417
85413966
80787801
172159747
6213493134
-24147229881
13746227668
1779083771
117489435
-311636995
-385679213
-352761858
-247505659
-146624286
-46116574
29013609
75575396
99745901
94102841
77190159
44360966
10363309
-23433373
-54554560
-75774870
-96910776
-105687466
-119437524
-120762212
894799183
-124492225
-125661204
-109116136
-95860156
-66250912
-38172587
-4081130
27133093
48023000
63390327
56865392
44061776
13920211
-20201314
-49253994
-78718220
-76207068
-70224771
-25419874
34081919
92792086
209814999
208433997
456024758
16654502630
-18821599830
10736843094
1403363414
104633967
-232652104
-293850377
-271079233
-191880895
-115668960
-39299022
17480946
52866846
71188336
67798807
56642372
34776072
13288287
-7828086
-26536353
-40479207
-56120067
-67775208
-86870051
-100905597
-124492225
862461350
-152474757
-146018125
-140922748
-108672694
-75899595
-28087756
17005860
52889896
80869665
79466134
68268720
29917877
-14819449
-57283414
-100388069
-102296915
-99264598
-41657317
34881715
115662073
271675009
274363742
605267321
22184883448
-9742325476
5582893241
745314611
68991693
-108769462
-144400961
-135895575
-98151558
-61492154
-24245108
3092234
20415031
29439414
29064891
25912267
19046279
13626727
8034564
3165783
-3664665
-15092710
-31599794
-58243378
-86444528
-125661204
-152474757
983574314
-188445935
-191601748
-156890742
-120996037
-60765260
-4158578
46268071
86253956
92672050
86375451
45470444
-3538524
-54612298
-106303650
-113798973
-115454099
-53947569
27702426
119356514
291321864
298817267
664238114
24425602615
2764776556
-1538477113
-177275234
7274376
51986927
54962785
46626599
30016927
14506513
-298677
-11898757
-18681351
-22041776
-19206543
-13135439
-2604484
9770806
21048505
30469717
31173077
24752272
5519086
-24670975
-61708404
-109116136
-146018125
-188445935
941457868
-211302952
-181908930
-152403548
-93234888
-38948847
16069309
59926600
76456913
80222731
51175372
14330075
-30254297
-75197535
-88036425
-95804571
-51427318
7531323
80978505
212600043
224136173
504747612
18662884290
14723287191
-8356388625
-1066041037
-56939782
201622838
242928685
219668551
152226086
87764557
23886447
-24370849
-53972061
-69064914
-63504614
-49192081
-23060341
4979849
30921833
52354348
59185221
56592001
34968786
1871573
-42084594
-95860156
-140922748
-191601748
-211302952
1125449898
-211989461
-193439604
-139199396
-92094049
-33654393
12807816
43625071
62019188
53115018
36989117
5847011
-25497536
-44369653
-59565620
-42496700
-19328030
22784429
88501958
104206805
246131067
9278473032
21256364850
-12095437824
-1562286506
-100409554
276793392
341298511
311766041
218396200
128744064
39275888
-27960621
-69580658
-90915282
-84614568
-67113052
-34619410
-724168
30719493
56446047
66349045
67118844
48513568
20529834
-18991359
-66250912
-108672694
-156890742
-181908930
-211989461
1122472438
-207437611
-172497465
-146472861
-96909277
-58146161
-15100951
18141038
38539672
53402338
48126182
42412638
21528293
1739254
-18899604
-44759370
-51884768
-82441443
-66334531
-127639102
-4380949979
23682638833
-13496833020
-1756117220
-124026216
298853269
373990580
343810168
242458301
144835489
46942139
-26429401
-72146280
-95692284
-89816135
-72316231
-39343377
-5573750
25862157
51426338
62458795
65800623
52047883
31439665
-238489
-38172587
-75899595
-120996037
-152403548
-193439604
-207437611
1379682735
-221075454
-220956553
-181277767
-151960685
-93376627
-42802507
13318086
64565472
91242036
116326951
95573326
72943494
11532234
-66556570
-128636243
-263402804
-248947749
-530008719
-19118152787
17010311549
-9711312347
-1274084908
-99066350
206825603
263482495
244048073
173455416
105200532
36350686
-15103533
-47440692
-64224759
-60993558
-50098671
-29026038
-7918204
11952768
28125004
36358184
41004283
36555033
29434036
14769191
-4081130
-28087756
-60765260
-93234888
-139199396
-172497465
-221075454
1343572528
-266807293
-245958595
-234151672
-170504856
-113044875
-29280383
49497250
106985569
160642805
148472095
131519839
45059493
-64384135
-167721304
-372526361
-365977863
-795254967
-28948269404
6732172677
-3865802127
-520925738
-52286608
71591370
97528195
92769439
67726505
43179253
17885497
-804362
-12934282
-19437546
-19550941
-17584920
-12813704
-8685417
-4281113
-443827
3769924
9289396
15171768
22557507
26285905
27133093
17005860
-4158578
-38948847
-92094049
-146472861
-220956553
-266807293
1634403248
-327147840
-335628747
-267074309
-205564968
-93270576
11107631
102703259
186012891
189356599
184469677
82612156
-45152226
-182160711
-436214637
-442230433
-975992529
-35765720159
-6758833390
3823575627
480057420
18829033
-98306043
-115318502
-103007044
-70406810
-39382538
-8893737
14261054
28213022
35105809
31532740
23317538
9080762
-6204492
-19601046
-29881288
-31080617
-26224348
-11466588
8281479
28934991
48023000
52889896
46268071
16069309
-33654393
-96909277
-181277767
-245958595
-327147840
1582318649
-376456916
-320785806
-274824298
-161718480
-61171267
45290744
138032280
164855939
180853411
101786392
3801114
-122253287
-336184966
-358189615
-808951876
-29931319331
-19916258711
11328830817
1460773136
91697961
-261259248
-321120524
-292965897
-204923417
-120335065
-35905358
27696592
66974583
86923954
80273672
62580085
30499487
-2886932
-32876708
-56215611
-62535606
-58541177
-36177583
-5994604
29069895
63390327
80869665
86253956
59926600
12807816
-58146161
-151960685
-234151672
-335628747
-376456916
2030970322
-394635854
-373235177
-264300894
-177243469
-55288215
43400173
105126726
151252622
116095800
72967279
-22342701
-154058831
-196580806
-476850424
-18144578298
-25700889975
14641055388
1901313210
131079594
-327146574
-407833606
-374375347
-263585065
-156813848
-49721245
30790503
80888511
106538766
99279723
78621951
40503545
1282451
-34242799
-61968645
-70875125
-68853557
-46686459
-16675844
20091202
56865392
79466134
92672050
76456913
43625071
-15100951
-93376627
-170504856
-267074309
-320785806
-394635854
2036997436
-408251479
-337329690
-297228099
-190738416
-116157835
-23515533
49043896
88922387
135498353
116640332
141000393
86781613
131318321
3870235561
-27551152329
15711549964
2050471660
150141051
-343156988
-432256496
-398567390
-281935542
-169272335
-55852885
29308837
82605256
110062388
103275344
82730498
44248705
4981713
-30836599
-58861371
-68944356
-68965910
-49863586
-23852700
9749294
44061776
68268720
86375451
80222731
62019188
18141038
-42802507
-113044875
-205564968
-274824298
-373235177
-408251479
2733597141
-456567822
-478136172
-387960121
-345298660
-208918482
-103622045
36588484
196038184
279384508
499677273
436181259
886030191
31260235332
-17440953650
9960445303
1308790963
103481858
-210619650
-269304039
-249886597
-177928311
-108188056
-37609185
15291055
48676452
66040338
62645909
51080299
28828016
6399502
-14351840
-30720895
-37714111
-39785273
-31790131
-20576463
-3989551
13920211
29917877
45470444
51175372
53115018
38539672
13318086
-29280383
-93270576
-161718480
-264300894
-337329690
-456567822
2679673374
-584172493
-537018017
-547618595
-395774607
-286417172
-64444700
175829354
361031192
738510535
692800346
1465691295
52690892338
-3232364384
1869332321
259981421
32836764
-28322832
-42881694
-42365338
-32067171
-21719554
-10650535
-2527587
3060624
6252969
7146695
7448291
6872092
6771645
6048767
5118603
2535417
-1608790
-7145816
-13827921
-18097349
-20201314
-14819449
-3538524
14330075
36989117
53402338
64565472
49497250
11107631
-61171267
-177243469
-297228099
-478136172
-584172493
3649736597
-761730012
-839685714
-663441665
-555991259
-231566765
92396278
405544697
948519500
941205956
2047295816
74485235971
14451840828
-8215669467
-1056345777
-63682862
191836097
234527135
213470762
148934719
86960107
25181043
-21430886
-50107008
-64548385
-59210558
-45543077
-21193299
4131365
26440367
43332627
46734728
41872949
23362982
-573522
-26174338
-49253994
-57283414
-54612298
-30254297
5847011
48126182
91242036
106985569
102703259
45290744
-55288215
-190738416
-387960121
-537018017
-761730012
3553546351
-946847145
-799958247
-744707558
-410840754
-123436920
237083839
749233181
814666963
1843624304
68157477163
33421051694
-19036503044
-2470573450
-168978244
426619937
531209479
487423483
343006151
203765756
64059486
-41109682
-106510923
-139884120
-129921926
-102110988
-51305762
963380
47672627
83389504
93117870
87518217
55449987
13580965
-34106340
-78718220
-100388069
-106303650
-75197535
-25497536
42412638
116326951
160642805
186012891
138032280
43400173
-116157835
-345298660
-547618595
-839685714
-946847145
5327371636
-1055003940
-1084685233
-734190840
-523845827
-91764556
331976268
527196931
1343810639
51854080413
38799639216
-22117082135
-2880827507
-206091848
487506866
611615503
563033820
397580897
237785922
77016045
-43915148
-119454157
-158203986
-147702146
-117086146
-60519775
-2597160
49471789
89421573
101443499
97283590
64638305
21833852
-28441566
-76207068
-102296915
-113798973
-88036425
-44369653
21528293
95573326
148472095
189356599
164855939
105126726
-23515533
-208918482
-395774607
-663441665
-799958247
-1055003940
5408462627
-1179569616
-951827517
-965498038
-609778841
-534411252
-210247217
-140624607
-374930936
42055450714
-23987473569
-3133367542
-231850854
521785327
658604267
607870177
430417329
258793378
85736661
-44362481
-125923528
-167942376
-157466609
-125693037
-66406480
-5926858
48719665
90770022
104413824
101845276
70242706
28609440
-21726532
-70224771
-99264598
-115454099
-95804571
-59565620
1739254
72943494
131519839
184469677
180853411
151252622
49043896
-103622045
-286417172
-555991259
-744707558
-1084685233
-1179569616
9074891649
-1459294369
-1827442469
-1533170860
-2000082401
-1419168592
-2530376224
-83757521622
21917756406
-12514498517
-1642778815
-128500848
265926402
339307639
314607144
223833551
135828557
46742122
-20156636
-62367525
-84285040
-79672504
-64434946
-35420296
-6027107
20834347
41667148
49443939
50010264
37080809
19752001
-2833487
-25419874
-41657317
-53947569
-51427318
-42496700
-18899604
11532234
45059493
82612156
101786392
116095800
88922387
36588484
-64444700
-231566765
-410840754
-734190840
-951827517
-1459294369
8925459748
-2332578693
-2235600792
-3281234170
-2564900068
-4901874521
-168265708138
-5934390067
3357175324
421499052
16529125
-86320554
-101256160
-90434515
-61785792
-34510012
-7718292
12601535
24771594
30668768
27344695
19956425
7466043
-5706976
-16880568
-25028936
-25286536
-20503048
-8162181
7271304
22009875
34081919
34881715
27702426
7531323
-19328030
-44759370
-66556570
-64384135
-45152226
3801114
72967279
135498353
196038184
175829354
92396278
-123436920
-523845827
-965498038
-1827442469
-2332578693
16868698859
-3876268857
-6019881777
-4896783350
-9599696991
-333646565996
-40155463931
22875604844
2970794553
204897798
-511146507
-637354280
-585201753
-412088721
-245072511
-77352821
48954024
127566699
167672228
155701032
122221862
61168949
-1554975
-57351472
-99667443
-110590587
-102996589
-64114604
-14032816
41781417
92792086
115662073
119356514
80978505
22784429
-51884768
-128636243
-167721304
-182160711
-122253287
-22342701
116640332
279384508
361031192
405544697
237083839
-91764556
-609778841
-1533170860
-2235600792
-3876268857
16295221410
-6759780438
-5616442544
-11153626451
-390038653784
-103363996333
58918482471
7672850706
547605597
-1299928876
-1630264345
-1500599797
-1059486704
-633357830
-204534425
118218340
319804991
423099646
394518575
311816887
159602486
3714386
-135687959
-241805327
-271695318
-257156920
-166330166
-48803131
85413966
209814999
271675009
291321864
212600043
88501958
-82441443
-263402804
-372526361
-436214637
-336184966
-154058831
141000393
499677273
738510535
948519500
749233181
331976268
-534411252
-2000082401
-3281234170
-6019881777
-6759780438
45831267589
-9307800127
-18622845964
-653515266791
-108561706734
61895849122
8069596125
583695444
-1358598093
-1707865764
-1573627416
-1112238164
-666278856
-217106263
120892442
332306816
440828023
411738027
326309436
168475064
7042299
-137612893
-247869373
-279928617
-266636706
-174994132
-56213890
80787801
208433997
274363742
298817267
224136173
104206805
-66334531
-248947749
-365977863
-442230433
-358189615
-196580806
86781613
436181259
692800346
941205956
814666963
527196931
-210247217
-1419168592
-2564900068
-4896783350
-5616442544
-9307800127
48829727151
-15861651775
-557784778286
-244359429688
139336653036
18176005933
1323476225
-3050489360
-3839271202
-3539316072
-2502932954
-1500927998
-491250907
268452041
743986049
988297191
923851652
733143605
380122734
19290066
-304358154
-551179235
-624025717
-596221729
-394035386
-131785674
172159747
456024758
605267321
664238114
504747612
246131067
-127639102
-530008719
-795254967
-975992529
-808951876
-476850424
131318321
886030191
1465691295
2047295816
1843624304
1343810639
-140624607
-2530376224
-4901874521
-9599696991
-11153626451
-18622845964
-15861651775
478190225453
-1125332855124
-9036334854840
5152892157755
672341926673
49097651969
-112684102301
-141895420111
-130838755085
-92548361597
-55523506825
-18207769987
9868331451
27448159555
36483465212
34116844535
27089768936
14070996533
767940330
-11169179697
-20274667493
-22978968298
-21983881653
-14571864391
-4955185815
6213493134
16654502630
22184883448
24425602615
18662884290
9278473032
-4380949979
-19118152787
-28948269404
-35765720159
-29931319331
-18144578298
3870235561
31260235332
52690892338
74485235971
68157477163
51854080413
-374930936
-83757521622
-168265708138
-333646565996
-390038653784
-653515266791
-557784778286
-1125332855124
5056742622713856
