50
10000000000000000
5045156715545861
5045156715545862
-30557554390875
16741602407829
1782107691560
-190729047614
-620551020592
-588209491586
-442638311783
-232820617346
-59094106613
69745064702
142041408738
149009075374
121371760177
60653219046
-1643958280
-52407096586
-83675799773
-82074917399
-61994592960
-21964930469
19954729916
52216439944
70852889117
62823528442
40107104315
2186599644
-37255057344
-63246736840
-76255824339
-58934838596
-26815522504
20299696925
68625049653
94245157985
103232698148
66817089683
7116080664
-70334417900
-159119040832
-191286677232
-206138459834
-102989054574
67730564897
304789778624
720660652168
926845747512
1590970397227
1388032942179
2066404036436
-10083066138990783
10552051847127
-5746302287676
-589321899064
85884849745
228691020058
210223818510
153057956728
74779991403
10818726387
-34046282700
-56921463462
-54351847669
-39112602534
-13480431068
10643946147
26781947830
33537224542
26810852494
13753390310
-3263193294
-17890185918
-24278641219
-23613348372
-13355218100
168454226
13177160890
22278958076
21699659395
15120766303
1823538682
-12265110163
-21174706531
-24752459319
-16897083475
-4043304427
11727082863
26053392796
28573547189
24592533595
6810208022
-15652650092
-33181123088
-49171839836
-37509593598
-17445282689
23427870301
91921180850
110364188835
264369030077
10037664606328
-5746302287676
3131379793991
321753483566
-46262438891
-124310230475
-114502178973
-83534368612
-40956570009
-6095721552
18439623332
31011724021
29703433947
21450720355
7470316156
-5726650383
-14597840237
-18348224762
-14715269161
-7596553002
1723967008
9757383540
13295091064
12966644685
7365474412
-42859259
-7192602437
-12209781950
-11919745906
-8331295183
-1038416838
6701238187
11612784576
13599782402
9303442899
2253982584
-6414619285
-14297461810
-15701644008
-13532491844
-3768712774
8573452814
18219604114
27023362434
20629198492
9615685310
-12852966523
-50501104212
-60655653156
-145319565887
-5517924139024
-589321899064
321753483566
34061309115
-4474040883
-12643717614
-11780901921
-8696840387
-4352227045
-752197990
1832284615
3194921393
3116743494
2297371284
847490722
-545198693
-1507931188
-1937605430
-1582957689
-846639754
144242769
1011688567
1411534110
1398764852
814090930
25881787
-749297648
-1302303198
-1288267289
-916022242
-134801503
702107213
1243665119
1471761978
1018886896
263867969
-676611933
-1536765102
-1700723539
-1477124547
-424417944
911470973
1964870529
2928642072
2244925551
1059466848
-1379245560
-5463198863
-6575257294
-15767551835
-598939572005
85884849745
-46262438891
-4474040883
1404829421
1904977908
1645601967
1112502864
467419434
-24014046
-325276102
-445847695
-376798681
-230846303
-38344616
122128023
206532647
222179256
152543288
52692662
-54340946
-134769133
-154422449
-131080018
-57186899
27395643
96238299
136569089
118400796
68989405
-9622667
-86143226
-125469489
-133429519
-80618952
-4503951
78461269
149564125
152751280
121627726
22352447
-98563918
-184840627
-261497576
-191460876
-77712861
136462459
497381340
585440304
1389835719
52570066988
228691020058
-124310230475
-12643717614
1904977908
5476935295
4462624614
3190270695
1502462192
146756482
-773356952
-1219018547
-1128228490
-782862862
-240133814
255982006
571564516
689720685
533595990
255598646
-90370737
-379623324
-495045012
-468003144
-252745589
22014976
277515739
450787763
428790004
289291156
22264595
-255914764
-425475560
-488072979
-325835563
-67583906
241962909
520183416
562591371
477308801
124228726
-318649402
-658582171
-967261951
-732236258
-332607516
469188917
1814227621
2170010054
5189310520
196889881244
210223818510
-114502178973
-11780901921
1645601967
4462624614
4602154599
2939250316
1398660874
150249011
-707700350
-1131849667
-1058487947
-744758487
-239576229
227696859
531279096
650752272
510505759
252019536
-76036714
-353722162
-469180324
-449137870
-247669947
13168341
259440939
428879923
412314912
282314079
27389856
-240243290
-406171224
-469936578
-316959794
-70403545
228293795
498100296
542158145
463027777
124072603
-302481930
-632395366
-932631485
-708516005
-325381772
448716110
1746677687
2092854939
5008715940
190100328593
153057956728
-83534368612
-8696840387
1112502864
3190270695
2939250316
2680203170
1008874968
98967590
-530505141
-845586898
-793830831
-563306882
-186972221
163865757
395295480
489637177
388204649
196016185
-51701375
-263425605
-354225057
-342477209
-191936256
5235223
193674898
324799288
314936956
218165467
24574243
-179942115
-308453360
-359355997
-244361432
-57111597
171704171
379213284
414892550
356219549
97631490
-228651097
-482560615
-714033363
-543988406
-252005100
341278569
1335688806
1602663675
3837984827
145705086845
74779991403
-40956570009
-4352227045
467419434
1502462192
1398660874
1008874968
995425093
19365645
-292539527
-451204855
-423240717
-304069011
-106708818
79251647
205153386
259584910
209866335
110352935
-21679161
-136492886
-188455719
-185588548
-107079512
-1994454
100695189
173588403
170993445
120955940
16983952
-94104233
-165596926
-195388743
-134826066
-34302006
90485014
204454614
225810146
195733657
55792697
-121627289
-261219944
-388866892
-297777189
-140097646
183609069
725794604
873088218
2093208800
79504363273
10818726387
-6095721552
-752197990
-24014046
146756482
150249011
98967590
19365645
513994533
-109153447
-138989033
-127802720
-97418495
-44316859
7900350
48118093
70120032
63061930
39911480
3329130
-31336429
-51047585
-55376278
-36488552
-7805222
23551624
47851866
51088059
39772295
10390539
-22790719
-46566436
-58533698
-43209403
-14965103
22912573
58629958
67812084
61432160
20561891
-32444314
-76321955
-116980507
-91738905
-46220729
51983616
215891316
262877160
633615817
24119621634
-34046282700
18439623332
1832284615
-325276102
-773356952
-707700350
-530505141
-292539527
-109153447
562133746
80578445
79956401
46828443
-3570911
-48116144
-69892520
-71448690
-46721435
-13082044
21677120
47292087
52282014
43118349
17493902
-11311452
-34123541
-47085750
-40049829
-22528288
4532455
30635623
43606433
45763745
27122215
603722
-27884399
-52156867
-52788868
-41587067
-7043889
34903028
64501597
90741866
66099093
26288580
-47983335
-173322811
-203523795
-482665675
-18248897658
-56921463462
31011724021
3194921393
-445847695
-1219018547
-1131849667
-845586898
-451204855
-138989033
80578445
777306583
178826979
111350033
6682146
-88937898
-142001193
-154331863
-109655804
-42608960
33324048
93588624
112593743
100467665
48916652
-13345659
-67741463
-102521152
-93393472
-59154387
865835
61697187
96340793
106972038
68585073
10050077
-57439309
-117065428
-123673975
-102346582
-23564332
74191884
147158545
212941451
159136001
69284630
-106539342
-402156585
-478010924
-1139920022
-43199839737
-54351847669
29703433947
3116743494
-376798681
-1128228490
-1058487947
-793830831
-423240717
-127802720
79956401
178826979
731469049
96627170
-9733503
-107554420
-160222607
-171338250
-121844970
-48874939
34176284
100671843
122859556
111194428
55884389
-11855152
-72213143
-111666253
-103259259
-66993435
-1416352
65781165
105134762
118270785
77133150
13303158
-61519566
-128156826
-136771172
-114447425
-27882463
80077936
161696305
235550341
177075502
78616326
-116265335
-443637673
-528838079
-1262766140
-47881526668
-39112602534
21450720355
2297371284
-230846303
-782862862
-744758487
-563306882
-304069011
-97418495
46828443
111350033
96627170
655515887
-44523006
-119863499
-155312643
-158400146
-110781744
-45224245
28176307
86711548
106873693
97729705
50425183
-7987180
-60818937
-95925029
-89863404
-59531455
-3150858
55128372
90074316
102522864
67877859
13282519
-51660283
-109881399
-118349109
-100016727
-25574172
67664851
138954206
203655274
153911905
69533098
-99221652
-382437430
-457079073
-1092688503
-41452659918
-13480431068
7470316156
847490722
-38344616
-240133814
-239576229
-186972221
-106708818
-44316859
-3570911
6682146
-9733503
-44523006
511555978
-114177909
-121455324
-114165781
-78279304
-35237563
11539252
48409120
62619230
59331259
32968245
-489165
-32055555
-53875598
-52342687
-36571753
-4818545
28721235
50023781
58713961
40344876
10167226
-27083874
-60986398
-67233198
-58202771
-16580370
36078026
77447568
115236812
88215296
41523488
-54283862
-214655837
-258205299
-618999863
-23509982227
10643946147
-5726650383
-545198693
122128023
255982006
227696859
163865757
79251647
7900350
-48116144
-88937898
-107554420
-119863499
-114177909
544512101
-91240200
-76086041
-53094063
-33318879
-12435395
3744312
14100453
18819467
15765191
9289225
89224
-8057339
-12032031
-12367090
-7254014
-312247
6542865
11438917
10831941
7122123
-270035
-7991698
-11978416
-13116144
-7016898
1752217
10833646
19583300
17204671
11339665
-5562191
-33019390
-42987233
-106456759
-4096665983
26781947830
-14597840237
-1507931188
206532647
571564516
531279096
395295480
205153386
48118093
-69892520
-142001193
-160222607
-155312643
-121455324
-91240200
567893289
-44841099
-37213432
-39949026
-41398258
-42321018
-33136771
-19425612
-56883
18607895
29899984
34177350
25085960
10072541
-9090453
-26372330
-32799712
-31562220
-16266532
3840847
23528375
39632467
37971931
27939666
2102241
-28673778
-48928138
-66616952
-47052859
-16395830
37849780
130111183
150702027
355231931
13397006566
33537224542
-18348224762
-1937605430
222179256
689720685
650752272
489637177
259584910
70120032
-71448690
-154331863
-171338250
-158400146
-114165781
-76086041
-44841099
662154069
-42057475
-61524449
-75999680
-85940609
-73271036
-49849940
-11878211
26177581
52551863
65644250
52450122
26577899
-10216327
-44917356
-60873122
-62293060
-35747338
1173690
40039258
73015463
73135600
57008866
8829716
-49614141
-90523843
-126840815
-92103834
-36122433
67795496
243505776
285585317
676989584
25592262170
26810852494
-14715269161
-1582957689
152543288
533595990
510505759
388204649
209866335
63061930
-46721435
-109655804
-121844970
-110781744
-78279304
-53094063
-37213432
-42057475
614382486
-86225283
-103143029
-113645364
-95998538
-66848769
-20491161
25063654
57507773
74461367
61306890
33466782
-7780442
-47145549
-66515263
-69796801
-41705889
-1732727
41589947
78799982
80445361
64183899
11993181
-51735927
-97467778
-138287401
-101586231
-41721461
71762784
263064078
310209397
737124579
27893168758
13753390310
-7596553002
-846639754
52692662
255598646
252019536
196016185
110352935
39911480
-13082044
-42608960
-48874939
-45224245
-35237563
-33318879
-39949026
-61524449
-86225283
636849605
-130703799
-137408398
-113857119
-81316488
-31734928
15136363
49689487
68765230
59256532
35585205
-1890686
-38205851
-57717751
-62877834
-39679223
-5466566
33206351
66936794
70269884
57894495
13317321
-41599366
-82379861
-119015184
-88855936
-38777873
59072238
223250726
265325440
632597890
23970886148
-3263193294
1723967008
144242769
-54340946
-90370737
-76036714
-51701375
-21679161
3329130
21677120
33324048
34176284
28176307
11539252
-12435395
-41398258
-75999680
-103143029
-130703799
592010170
-138408846
-114234182
-86635352
-45258587
-8209193
21887341
40436111
40100898
29587945
7824447
-14460719
-29288488
-36049769
-26234038
-9419292
12386769
32282240
37187021
33610523
11591040
-16394105
-39419169
-60478429
-47451964
-24283049
25806781
108677102
132501827
319343973
12154026671
-17890185918
9757383540
1011688567
-134769133
-379623324
-353722162
-263425605
-136492886
-31336429
47292087
93588624
100671843
86711548
48409120
3744312
-42321018
-85940609
-113645364
-137408398
-138408846
686067375
-117609121
-99428755
-69295161
-44434076
-18110970
1529363
14523847
21543091
19885736
15082161
5912052
-2911630
-9488932
-13747189
-12333318
-9094116
-2416506
4360207
9113027
13010405
11116033
8584322
1559687
-6763845
-12884498
-25476957
-23270630
-48260362
-1716336175
-24278641219
13295091064
1411534110
-154422449
-495045012
-469180324
-354225057
-188455719
-51047585
52282014
112593743
122859556
106873693
62619230
14100453
-33136771
-73271036
-95998538
-113857119
-114234182
-117609121
689890212
-106769592
-93801530
-85241980
-64604194
-44795923
-17616604
7854752
28126623
42355830
40617936
31313380
9527505
-14775537
-33756722
-47457323
-40446182
-25090967
4501701
38190408
56995563
72746395
48115457
11651866
-46663709
-147196179
-166050294
-386675512
-14507995107
-23613348372
12966644685
1398764852
-131080018
-468003144
-449137870
-342477209
-185588548
-55376278
43118349
100467665
111194428
97729705
59331259
18819467
-19425612
-49849940
-66848769
-81316488
-86635352
-99428755
-106769592
788621369
-127936144
-134644471
-117274557
-95836864
-53614406
-10395642
30910956
62912427
69152497
60907518
27547116
-12394270
-48201642
-76058905
-70085236
-49331440
-1239730
54781713
90005228
120346343
83628873
27384054
-69566117
-234454357
-269815717
-634019959
-23878557682
-13355218100
7365474412
814090930
-57186899
-252745589
-247669947
-191936256
-107079512
-36488552
17493902
48916652
55884389
50425183
32968245
15765191
-56883
-11878211
-20491161
-31734928
-45258587
-69295161
-93801530
-127936144
739452890
-166154395
-153361887
-133917853
-85078490
-34409231
18526681
60571221
74960377
71992522
38808636
-3031845
-44092968
-77234730
-75369298
-57362621
-8095400
50142829
89714393
124284259
89397204
34453886
-65871446
-234654456
-274192002
-648607167
-24494876802
168454226
-42859259
25881787
27395643
22014976
13168341
5235223
-1994454
-7805222
-11311452
-13345659
-11855152
-7987180
-489165
9289225
18607895
26177581
25063654
15136363
-8209193
-44434076
-85241980
-134644471
-166154395
828404477
-188213573
-173114888
-121897260
-69592579
-9155915
39521065
64139635
70635851
46289640
12021223
-26856193
-59788919
-64541561
-54980328
-15995556
31359054
67641030
99938416
76056928
36122391
-44936994
-178852269
-214821306
-514136895
-19508890909
13177160890
-7192602437
-749297648
96238299
277515739
259440939
193674898
100695189
23551624
-34123541
-67741463
-72213143
-60818937
-32055555
89224
29899984
52551863
57507773
49689487
21887341
-18110970
-64604194
-117274557
-153361887
-188213573
809731511
-183774898
-144419483
-105968718
-52439875
-8623834
24545725
43628700
40747215
28709221
5697618
-16253948
-28576627
-33521965
-20949371
-3264178
16986395
35927247
34077445
26370101
-3737084
-49843435
-69675908
-176590502
-6851566546
22278958076
-12209781950
-1302303198
136569089
450787763
428879923
324799288
173588403
47851866
-47085750
-102521152
-111666253
-95925029
-53875598
-8057339
34177350
65644250
74461367
68765230
40436111
1529363
-44795923
-95836864
-133917853
-173114888
-183774898
973734066
-174143439
-156356460
-113655124
-77788970
-33711682
1361098
27315457
44705390
43960687
37754645
17804234
-3587484
-23379176
-42033172
-42720999
-41368194
-18027164
11462578
42529080
100586890
101404939
223117528
8164772533
21699659395
-11919745906
-1288267289
118400796
428790004
412314912
314936956
170993445
51088059
-40049829
-93393472
-103259259
-89863404
-52342687
-12032031
25085960
52450122
61306890
59256532
40100898
14523847
-17616604
-53614406
-85078490
-121897260
-144419483
-174143439
961813379
-190211881
-168553793
-149442795
-101231880
-55468976
-1508368
45332134
71171479
85155736
63729923
31785486
-16587253
-68029497
-91237101
-109320554
-67529230
-9304765
75502699
222525859
244968669
563573660
21033051208
15120766303
-8331295183
-916022242
68989405
289291156
282314079
218165467
120955940
39772295
-22528288
-59154387
-66993435
-59531455
-36571753
-12367090
10072541
26577899
33466782
35585205
29587945
21543091
7854752
-10395642
-34409231
-69592579
-105968718
-156356460
-190211881
1126326411
-232916290
-232607482
-181038846
-126800237
-45087326
29823717
84359528
120621757
103594509
67721045
-2205459
-78901540
-122989951
-159406327
-107688193
-32243370
92058419
301826401
343559482
802544868
30143816511
1823538682
-1038416838
-134801503
-9622667
22264595
27389856
24574243
16983952
10390539
4532455
865835
-1416352
-3150858
-4818545
-7254014
-9090453
-10216327
-7780442
-1890686
7824447
19885736
28126623
30910956
18526681
-9155915
-52439875
-113655124
-168553793
-232916290
1073619554
-275491934
-233352242
-186461931
-97205559
-14459799
58016344
110028396
108877573
85812473
20278939
-53699432
-105372488
-149384549
-109855563
-48299328
68732935
260567798
308238216
732082782
27684112169
-12265110163
6701238187
702107213
-86143226
-255914764
-240243290
-179942115
-94104233
-22790719
30635623
61697187
65781165
55128372
28721235
-312247
-26372330
-44917356
-47145549
-38205851
-14460719
15082161
42355830
62912427
60571221
39521065
-8623834
-77788970
-149442795
-232607482
-275491934
1295073895
-289797032
-258774277
-170183407
-89375597
-1101905
65617305
90590866
92566047
48504309
-5111004
-56513302
-101849926
-88477914
-59886216
21470989
146852573
192547041
476137779
18293336892
-21174706531
11612784576
1243665119
-125469489
-425475560
-406171224
-308453360
-165596926
-46566436
43606433
96340793
105134762
90074316
50023781
6542865
-32799712
-60873122
-66515263
-57717751
-29288488
5912052
40617936
69152497
74960377
64139635
24545725
-33711682
-101231880
-181038846
-233352242
-289797032
1293043478
-288451900
-228208023
-177011752
-94511318
-29420346
25724899
62867249
66084617
60523805
29276344
-470502
-26205619
-50525187
-45686772
-51651348
-25830306
-25844613
-432286515
-24752459319
13599782402
1471761978
-133429519
-488072979
-469936578
-359355997
-195388743
-58533698
45763745
106972038
118270785
102522864
58713961
11438917
-31562220
-62293060
-69796801
-62877834
-36049769
-2911630
31313380
60907518
71992522
70635851
43628700
1361098
-55468976
-126800237
-186461931
-258774277
-288451900
1633062089
-307197136
-296836462
-224036637
-164715698
-72039700
7544711
72985296
129188222
128811354
123464687
55006111
-27690685
-114872561
-274019947
-276538341
-608286528
-22252793918
-16897083475
9303442899
1018886896
-80618952
-325835563
-316959794
-244361432
-134826066
-43209403
27122215
68585073
77133150
67877859
40344876
10831941
-16266532
-35747338
-41705889
-39679223
-26234038
-9488932
9527505
27547116
38808636
46289640
40747215
27315457
-1508368
-45087326
-97205559
-170183407
-228208023
-307197136
1595306216
-374241411
-331157579
-296373162
-184670937
-80331872
40668423
151503782
191958997
220268273
131369234
16875778
-141748748
-410381251
-446564276
-1019889583
-37928224923
-4043304427
2253982584
263867969
-4503951
-67583906
-70403545
-57111597
-34302006
-14965103
603722
10050077
13303158
13282519
10167226
7122123
3840847
1173690
-1732727
-5466566
-9419292
-13747189
-14775537
-12394270
-3031845
12021223
28709221
44705390
45332134
29823717
-14459799
-89375597
-177011752
-296836462
-374241411
1992196995
-461644574
-458724408
-330710815
-209132794
-31054760
131458229
222792410
292450450
201957713
78099452
-133241664
-472246643
-545151919
-1278109464
-48048605929
11727082863
-6414619285
-676611933
78461269
241962909
228293795
171704171
90485014
22912573
-27884399
-57439309
-61519566
-51660283
-27083874
-270035
23528375
40039258
41589947
33206351
12386769
-12333318
-33756722
-48201642
-44092968
-26856193
5697618
43960687
71171479
84359528
58016344
-1101905
-94511318
-224036637
-331157579
-461644574
1936568975
-527371720
-423137377
-329618630
-145351894
15989508
143207370
241647610
199964066
129892437
-47044764
-308866358
-398361112
-975440636
-37300699753
26053392796
-14297461810
-1536765102
149564125
520183416
498100296
379213284
204454614
58629958
-52156867
-117065428
-128156826
-109881399
-60986398
-7991698
39632467
73015463
78799982
66936794
32282240
-9094116
-47457323
-76058905
-77234730
-59788919
-16253948
37754645
85155736
120621757
110028396
65617305
-29420346
-164715698
-296373162
-458724408
-527371720
2598387933
-549078367
-506153096
-328003120
-188440220
-17666425
111988037
156382694
180408641
86938335
-15676192
-114084519
-363159114
-15110309418
28573547189
-15701644008
-1700723539
152751280
562591371
542158145
414892550
225810146
67812084
-52788868
-123673975
-136771172
-118349109
-67233198
-11978416
37971931
73135600
80445361
70269884
37187021
-2416506
-40446182
-70085236
-75369298
-64541561
-28576627
17804234
63729923
103594509
108877573
90590866
25724899
-72039700
-184670937
-330710815
-423137377
-549078367
2620480567
-595996092
-488908275
-434533342
-263231051
-141421488
12274955
157354940
223772753
381936368
316644994
616915135
21267259786
24592533595
-13532491844
-1477124547
121627726
477308801
463027777
356219549
195733657
61432160
-41587067
-102346582
-114447425
-100016727
-58202771
-13116144
27939666
57008866
64183899
57894495
33610523
4360207
-25090967
-49331440
-57362621
-54980328
-33521965
-3587484
31785486
67721045
85812473
92566047
62867249
7544711
-80331872
-209132794
-329618630
-506153096
-595996092
3657081629
-736618859
-796867057
-620789511
-515835360
-216131824
75228492
355667012
834628990
827789825
1799052617
65419576901
6810208022
-3768712774
-424417944
22352447
124228726
124072603
97631490
55792697
20561891
-7043889
-23564332
-27882463
-25574172
-16580370
-7016898
2102241
8829716
11993181
13317321
11591040
9113027
4501701
-1239730
-8095400
-15995556
-20949371
-23379176
-16587253
-2205459
20278939
48504309
66084617
72985296
40668423
-31054760
-145351894
-328003120
-488908275
-736618859
3539199666
-1006451769
-881850758
-844679233
-473019366
-129944815
312773508
970907751
1059260159
2407793215
89243714238
-15652650092
8573452814
911470973
-98563918
-318649402
-302481930
-228651097
-121627289
-32444314
34903028
74191884
80077936
67664851
36078026
1752217
-28673778
-49614141
-51735927
-41599366
-16394105
13010405
38190408
54781713
50142829
31359054
-3264178
-42033172
-68029497
-78901540
-53699432
-5111004
60523805
129188222
151503782
131458229
15989508
-188440220
-434533342
-796867057
-1006451769
5153489665
-1274507647
-1338364533
-880530272
-516640338
123650561
924274264
1166044234
2801333563
106075157281
-33181123088
18219604114
1964870529
-184840627
-658582171
-632395366
-482560615
-261219944
-76321955
64501597
147158545
161696305
138954206
77447568
10833646
-48928138
-90523843
-97467778
-82379861
-39419169
11116033
56995563
90005228
89714393
67641030
16986395
-42720999
-91237101
-122989951
-105372488
-56513302
29276344
128811354
191958997
222792410
143207370
-17666425
-263231051
-620789511
-881850758
-1274507647
5138633215
-1485587007
-1123432909
-946591682
-339864209
192918401
568237298
1628778115
65340506199
-49171839836
27023362434
2928642072
-261497576
-967261951
-932631485
-714033363
-388866892
-116980507
90741866
212941451
235550341
203655274
115236812
19583300
-66616952
-126840815
-138287401
-119015184
-60478429
8584322
72746395
120346343
124284259
99938416
35927247
-41368194
-109320554
-159406327
-149384549
-101849926
-470502
123464687
220268273
292450450
241647610
111988037
-141421488
-515835360
-844679233
-1338364533
-1485587007
8732625366
-1647095616
-1797730233
-1222850271
-1175836837
-541900597
-542013694
-9999802117
-37509593598
20629198492
2244925551
-191460876
-732236258
-708516005
-543988406
-297777189
-91738905
66099093
159136001
177075502
153911905
88215296
17204671
-47052859
-92103834
-101586231
-88855936
-47451964
1559687
48115457
83628873
89397204
76056928
34077445
-18027164
-67529230
-107688193
-109855563
-88477914
-26205619
55006111
131369234
201957713
199964066
156382694
12274955
-216131824
-473019366
-880530272
-1123432909
-1647095616
8826024842
-2308787340
-2057955920
-2819564516
-2077801406
-3802672915
-127569333230
-17445282689
9615685310
1059466848
-77712861
-332607516
-325381772
-252005100
-140097646
-46220729
26288580
69284630
78616326
69533098
41523488
11339665
-16395830
-36122433
-41721461
-38777873
-24283049
-6763845
11651866
27384054
34453886
36122391
26370101
11462578
-9304765
-32243370
-48299328
-59886216
-50525187
-27690685
16875778
78099452
129892437
180408641
157354940
75228492
-129944815
-516640338
-946591682
-1797730233
-2308787340
16881646128
-3887921947
-6071930313
-4961032663
-9755328613
-339581784503
23427870301
-12852966523
-1379245560
136462459
469188917
448716110
341278569
183609069
51983616
-47983335
-106539342
-116265335
-99221652
-54283862
-5562191
37849780
67795496
71762784
59072238
25806781
-12884498
-46663709
-69566117
-65871446
-44936994
-3737084
42529080
75502699
92058419
68732935
21470989
-45686772
-114872561
-141748748
-133241664
-47044764
86938335
223772753
355667012
312773508
123650561
-339864209
-1222850271
-2057955920
-3887921947
16028913833
-7487892253
-6400108014
-12939688058
-456451677199
91921180850
-50501104212
-5463198863
497381340
1814227621
1746677687
1335688806
725794604
215891316
-173322811
-402156585
-443637673
-382437430
-214655837
-33019390
130111183
243505776
263064078
223250726
108677102
-25476957
-147196179
-234454357
-234654456
-178852269
-49843435
100586890
222525859
301826401
260567798
146852573
-51651348
-274019947
-410381251
-472246643
-308866358
-15676192
381936368
834628990
970907751
924274264
192918401
-1175836837
-2819564516
-6071930313
-7487892253
43870821103
-11405479653
-23389891433
-830551048930
110364188835
-60655653156
-6575257294
585440304
2170010054
2092854939
1602663675
873088218
262877160
-203523795
-478010924
-528838079
-457079073
-258205299
-42987233
150702027
285585317
310209397
265325440
132501827
-23270630
-166050294
-269815717
-274192002
-214821306
-69675908
101404939
244968669
343559482
308238216
192547041
-25830306
-276538341
-446564276
-545151919
-398361112
-114084519
316644994
827789825
1059260159
1166044234
568237298
-541900597
-2077801406
-4961032663
-6400108014
-11405479653
46590318574
-20945034347
-746475663876
264369030077
-145319565887
-15767551835
1389835719
5189310520
5008715940
3837984827
2093208800
633615817
-482665675
-1139920022
-1262766140
-1092688503
-618999863
-106456759
355231931
676989584
737124579
632597890
319343973
-48260362
-386675512
-634019959
-648607167
-514136895
-176590502
223117528
563573660
802544868
732082782
476137779
-25844613
-608286528
-1019889583
-1278109464
-975440636
-363159114
616915135
1799052617
2407793215
2801333563
1628778115
-542013694
-3802672915
-9755328613
-12939688058
-23389891433
-20945034347
466657594231
-1553309667318
10037664606328
-5517924139024
-598939572005
52570066988
196889881244
190100328593
145705086845
79504363273
24119621634
-18248897658
-43199839737
-47881526668
-41452659918
-23509982227
-4096665983
13397006566
25592262170
27893168758
23970886148
12154026671
-1716336175
-14507995107
-23878557682
-24494876802
-19508890909
-6851566546
8164772533
21033051208
30143816511
27684112169
18293336892
-432286515
-22252793918
-37928224923
-48048605929
-37300699753
-15110309418
21267259786
65419576901
89243714238
106075157281
65340506199
-9999802117
-127569333230
-339581784503
-456451677199
-830551048930
-746475663876
-1553309667318
5040862066290497
